0!1,1,3,0
87!0,0,3,0
88!1,1,3,0
92!4,4,3,0
94!4,4,15,0
105!1,1,3,0
125!4,4,3,0
135!1,1,3,0
139!0,0,3,0
140!1,1,3,0
149!0,0,3,0
151!2,2,3,0
161!4,4,16,4
164!4,4,9,4
165!4,4,16,4
166!4,4,9,4
167!4,4,16,4
168!4,4,9,4
169!4,4,16,4
170!4,4,9,4
171!4,4,16,4
172!4,4,9,4
173!4,4,16,4
174!4,4,9,4
175!1,1,3,0
181!6,6,5,2
201!1,1,7,0
202!1,1,0,0
223!1,1,7,0
229!0,0,0,0
230!1,1,10,0
233!1,1,6,0
234!4,4,6,4
235!4,4,16,4
241!4,4,2,4
256!1,1,3,0
258!1,1,5,0
260!1,1,9,0
262!1,1,11,0
264!4,4,9,4
266!-1,-1,7,-1
268!-1,-1,10,-1
271!-1,-1,11,-1
273!-1,-1,7,-1
275!-1,-1,10,-1
276!-1,-1,11,-1
277!-1,-1,5,-1
279!-1,-1,2,-1
280!2,2,5,0
282!-1,-1,11,-1
283!-1,-1,9,-1
284!-1,-1,10,-1
285!-1,-1,11,-1
290!-1,-1,10,-1
291!-1,-1,7,-1
305!6,6,3,0
312!-1,-1,5,-1
314!1,1,7,-1
317!-1,-1,10,-1
318!-1,-1,5,-1
320!2,2,11,-1
322!-1,-1,10,-1
323!-1,-1,5,-1
325!-1,-1,11,-1
329!-1,-1,5,-1
330!-1,-1,7,-1
331!-1,-1,11,-1
333!-1,-1,11,-1
334!-1,-1,5,-1
335!5,5,7,4
337!-1,-1,7,-1
339!-1,-1,5,-1
341!-1,-1,10,-1
343!-1,-1,11,-1
348!-1,-1,10,-1
350!-1,-1,11,-1
351!-1,-1,5,-1
353!-1,-1,7,-1
354!-1,-1,9,-1
355!-1,-1,5,-1
356!-1,-1,11,-1
357!-1,-1,10,-1
359!-1,-1,9,-1
360!-1,-1,7,-1
361!-1,-1,11,-1
364!4,4,7,-1
365!11,11,11,-1
366!6,6,11,-1
367!5,5,11,-1
368!4,4,11,-1
369!11,11,10,-1
370!6,6,11,-1
371!2,2,11,0
374!2,2,3,-1
376!-1,-1,9,-1
377!-1,-1,11,-1
378!-1,-1,1,-1
379!-1,-1,9,-1
380!-1,-1,11,-1
386!-1,-1,5,-1
387!-1,-1,11,-1
389!4,4,9,-1
391!-1,-1,10,-1
392!-1,-1,5,-1
396!-1,-1,5,-1
400!1,1,11,-1
401!-1,-1,9,-1
403!-1,-1,11,-1
405!-1,-1,10,-1
407!4,4,10,4
409!-1,-1,9,-1
410!-1,-1,11,-1
414!-1,-1,6,-1
415!-1,-1,11,-1
418!1,1,11,0
433!-1,-1,2,-1
436!4,4,2,4
443!1,1,2,0
449!6,6,1,-1
451!-1,-1,10,-1
453!1,1,11,-1
455!-1,-1,10,-1
457!-1,-1,11,-1
458!-1,-1,6,-1
461!-1,-1,7,-1
463!6,6,9,-1
466!-1,-1,6,-1
471!-1,-1,11,-1
485!1,1,11,-1
487!-1,-1,7,-1
490!-1,-1,11,-1
491!-1,-1,10,-1
492!6,6,11,-1
493!-1,-1,10,-1
494!-1,-1,5,-1
496!-1,-1,10,-1
499!1,1,7,-1
500!-1,-1,5,-1
502!-1,-1,9,-1
503!-1,-1,5,-1
506!6,6,5,-1
512!-1,-1,11,-1
513!1,1,11,-1
517!-1,-1,10,-1
521!4,1,10,4
523!-1,-1,5,-1
524!-1,-1,7,-1
526!-1,-1,5,-1
528!1,4,5,-1
531!-1,-1,11,-1
534!1,1,5,0
536!-1,-1,11,-1
537!-1,-1,7,-1
539!-1,-1,11,-1
542!-1,-1,6,-1
545!0,0,6,-1
546!1,1,10,-1
547!0,0,10,-1
548!1,1,9,-1
549!5,5,15,-1
564!1,1,3,0
565!-1,-1,11,-1
566!-1,-1,3,-1
568!-1,-1,6,-1
569!-1,-1,11,-1
570!6,6,11,4
574!-1,-1,9,-1
575!-1,-1,11,-1
576!1,1,11,0
578!-1,-1,5,-1
579!-1,-1,11,-1
580!-1,-1,6,-1
583!6,6,11,-1
585!1,1,6,-1
590!6,6,11,-1
591!-1,-1,5,-1
592!-1,-1,11,-1
593!1,1,6,-1
598!-1,-1,11,-1
599!-1,-1,7,-1
600!6,6,5,2
601!-1,-1,11,-1
605!1,1,11,0
607!-1,-1,10,-1
609!-1,-1,5,-1
611!-1,-1,11,-1
612!-1,-1,5,-1
616!-1,-1,11,-1
618!-1,-1,7,-1
622!-1,-1,5,-1
623!-1,-1,11,-1
627!-1,-1,5,-1
628!-1,-1,10,-1
631!-1,-1,9,-1
632!-1,-1,11,-1
633!-1,-1,10,-1
635!4,4,10,4
645!-1,-1,11,-1
652!1,1,11,0
655!-1,-1,5,-1
656!-1,-1,11,-1
657!-1,-1,5,-1
658!-1,-1,7,-1
661!-1,-1,5,-1
662!-1,-1,10,-1
666!-1,-1,6,-1
667!-1,-1,7,-1
668!-1,-1,6,-1
671!-1,-1,7,-1
672!-1,-1,6,-1
673!-1,-1,10,-1
674!-1,-1,11,-1
676!-1,-1,7,-1
677!-1,-1,5,-1
679!-1,-1,7,-1
683!-1,-1,5,-1
684!-1,-1,11,-1
686!-1,-1,5,-1
688!-1,-1,11,-1
692!4,1,11,4
700!1,1,3,0
702!-1,-1,11,-1
707!-1,-1,11,-1
718!-1,-1,11,-1
721!4,4,9,4
722!-1,-1,11,-1
728!-1,-1,9,-1
729!-1,-1,5,-1
730!-1,-1,11,-1
732!-1,-1,7,-1
734!-1,-1,11,-1
736!-1,-1,5,-1
744!-1,-1,11,-1
745!-1,-1,5,-1
746!1,1,11,0
748!-1,-1,11,-1
750!-1,-1,10,-1
753!-1,-1,10,-1
755!-1,-1,9,-1
759!-1,-1,11,-1
762!-1,-1,5,-1
763!-1,-1,11,-1
764!-1,-1,5,-1
765!-1,-1,9,-1
766!-1,-1,6,-1
767!-1,-1,9,-1
768!-1,-1,2,-1
769!-1,-1,11,-1
772!-1,-1,10,-1
773!-1,-1,5,-1
775!-1,-1,11,-1
776!-1,-1,5,-1
777!-1,-1,11,-1
778!-1,-1,5,-1
779!-1,-1,11,-1
780!-1,-1,6,-1
786!-1,-1,11,-1
790!-1,-1,5,-1
791!-1,-1,9,-1
792!-1,-1,10,-1
793!-1,-1,11,-1
794!-1,-1,5,-1
795!-1,-1,11,-1
796!-1,-1,5,-1
797!-1,-1,11,-1
800!0,0,-1,0
802!2,2,-1,0
805!-1,-1,10,-1
806!-1,-1,4,-1
807!-1,-1,5,-1
808!-1,-1,11,-1
810!-1,-1,5,-1
811!-1,-1,11,-1
813!-1,-1,9,-1
814!-1,-1,5,-1
815!-1,-1,11,-1
817!-1,-1,9,-1
818!-1,-1,11,-1
819!-1,-1,5,-1
821!-1,-1,11,-1
823!-1,-1,7,-1
824!-1,-1,9,-1
825!1,1,11,-1
834!-1,-1,10,-1
835!5,5,11,4
837!-1,-1,10,-1
839!-1,-1,6,-1
843!-1,-1,11,-1
845!-1,-1,10,-1
846!-1,-1,6,-1
847!-1,-1,7,-1
848!-1,-1,5,-1
849!4,4,5,-1
851!-1,-1,10,-1
852!-1,-1,5,-1
853!-1,-1,10,-1
855!-1,-1,11,-1
858!-1,-1,5,-1
859!-1,-1,11,-1
862!-1,-1,6,-1
864!6,6,11,-1
866!-1,-1,10,-1
867!-1,-1,5,-1
868!-1,-1,11,-1
869!-1,-1,7,-1
870!-1,-1,9,-1
871!-1,-1,10,-1
873!-1,-1,7,-1
874!-1,-1,11,-1
875!-1,-1,3,-1
876!-1,-1,11,-1
877!-1,-1,5,-1
880!-1,-1,9,2
882!-1,-1,1,-1
883!-1,-1,9,-1
885!-1,-1,4,-1
889!-1,-1,11,-1
890!1,1,9,0
891!-1,-1,5,-1
892!-1,-1,11,-1
893!-1,-1,7,-1
896!-1,-1,9,-1
897!-1,-1,10,-1
899!-1,-1,9,-1
902!-1,-1,11,-1
903!-1,-1,5,-1
905!-1,-1,10,-1
907!-1,-1,11,-1
909!-1,-1,6,-1
910!-1,-1,11,-1
911!-1,-1,5,-1
913!-1,-1,11,-1
917!-1,-1,5,-1
922!-1,-1,10,-1
927!-1,-1,9,-1
929!6,6,7,4
930!-1,-1,9,-1
932!-1,-1,11,-1
933!-1,-1,4,-1
934!-1,-1,9,-1
935!-1,-1,7,-1
937!-1,-1,9,-1
939!-1,-1,11,-1
940!1,1,11,0
942!-1,-1,3,-1
950!1,4,5,4
