0!1,1,1,0
51!1,1,3,0
52!1,1,1,0
105!1,1,4,0
106!1,1,13,0
112!1,1,1,0
113!1,1,11,0
115!1,1,11,0
116!1,1,1,0
159!1,1,9,0
163!1,1,14,0
168!1,1,11,0
174!1,1,8,0
175!1,1,11,0
176!1,1,8,0
177!1,1,13,0
179!1,1,6,0
180!1,1,12,0
182!1,1,3,0
183!1,1,12,0
190!1,1,6,0
193!1,1,5,0
195!1,1,4,0
196!1,1,8,0
197!1,1,11,0
198!1,1,8,0
199!1,1,11,0
203!1,1,5,0
206!1,1,12,0
208!1,1,3,0
212!1,1,10,0
215!1,1,3,0
216!1,1,9,0
217!1,1,11,0
219!1,1,6,0
221!1,1,13,0
222!1,1,6,0
223!1,1,13,0
226!1,1,5,0
228!1,1,11,0
233!1,1,14,0
234!1,1,11,0
240!1,1,2,0
241!1,1,11,0
243!1,1,9,0
245!1,1,4,0
246!1,1,8,0
247!1,1,11,0
248!1,1,5,0
250!1,1,11,0
254!1,1,5,0
255!1,1,11,0
257!1,1,8,0
259!1,1,13,0
261!1,1,5,0
263!1,1,9,0
264!1,1,12,0
265!1,1,10,0
266!1,1,14,0
268!1,1,13,0
269!1,1,5,0
270!1,1,14,0
272!1,1,5,0
276!1,1,11,0
278!1,1,11,0
280!1,1,9,0
281!1,1,11,0
286!1,1,9,0
288!1,1,9,0
290!1,1,5,0
293!1,1,13,0
295!1,1,1,0
297!1,1,8,0
299!1,1,13,0
301!1,1,5,0
303!1,1,14,0
306!1,1,5,0
307!1,1,10,0
308!1,1,9,0
310!1,1,5,0
312!1,1,12,0
318!1,1,9,0
319!1,1,6,0
321!1,1,10,0
322!1,1,12,0
323!1,1,5,0
324!1,1,7,0
325!1,1,9,0
328!1,1,5,0
330!1,1,1,0
331!1,1,11,0
332!1,1,9,0
335!1,1,5,0
342!1,1,12,0
348!1,1,9,0
355!1,1,13,0
361!1,1,7,0
365!1,1,13,0
368!1,1,5,0
370!1,1,5,0
372!1,1,7,0
374!1,1,14,0
375!1,1,13,0
377!1,1,5,0
379!1,1,11,0
381!1,1,10,0
382!1,1,14,0
386!1,1,11,0
388!1,1,9,0
389!1,1,13,0
390!1,1,14,0
397!1,1,9,0
402!1,1,9,0
404!1,1,10,0
405!1,1,9,0
408!1,1,9,0
410!1,1,11,0
415!1,1,9,0
419!1,1,1,0
424!1,1,1,0
425!1,1,13,0
426!1,1,5,0
428!1,1,10,0
434!1,1,9,0
437!1,1,12,0
438!1,1,9,0
439!1,1,13,0
448!1,1,5,0
449!1,1,11,0
450!1,1,14,0
452!1,1,8,0
454!1,1,10,0
455!1,1,5,0
457!1,1,12,0
459!1,1,5,0
463!1,1,11,0
465!1,1,6,0
466!1,1,11,0
475!1,1,9,0
476!1,1,5,0
484!1,1,11,0
485!1,1,5,0
486!1,1,13,0
492!1,1,12,0
495!1,1,7,0
496!1,1,10,0
498!1,1,9,0
499!1,1,10,0
500!1,1,11,0
504!1,1,7,0
506!1,1,6,0
508!1,1,7,0
509!1,1,6,0
512!1,1,10,0
513!1,1,7,0
516!1,1,9,0
518!1,1,11,0
526!1,1,9,0
527!1,1,3,0
528!1,1,13,0
530!1,1,5,0
531!1,1,13,0
533!1,1,13,0
538!1,1,7,0
541!1,1,6,0
544!1,1,10,0
545!1,1,9,0
546!1,1,11,0
557!1,1,11,0
558!1,1,9,0
562!1,1,11,0
575!1,1,11,0
583!1,1,8,0
584!1,1,11,0
586!1,1,9,0
590!1,1,13,0
593!1,1,10,0
594!1,1,9,0
595!1,1,5,0
597!1,1,11,0
600!1,1,2,0
601!1,1,5,0
603!1,1,11,0
608!1,1,5,0
609!1,1,9,0
610!1,1,5,0
611!1,1,11,0
616!1,1,8,0
629!1,1,11,0
633!1,1,7,0
634!1,1,6,0
637!1,1,11,0
638!1,1,5,0
642!1,1,7,0
643!1,1,11,0
644!1,1,7,0
645!1,1,9,0
646!1,1,6,0
647!1,1,13,0
648!1,1,6,0
649!1,1,11,0
650!1,1,10,0
652!1,1,8,0
655!1,1,11,0
657!1,1,7,0
658!1,1,8,0
659!1,1,9,0
660!1,1,13,0
664!1,1,6,0
665!1,1,12,0
668!1,1,12,0
669!1,1,1,0
671!1,1,6,0
672!1,1,12,0
675!1,1,10,0
676!1,1,7,0
677!1,1,5,0
679!1,1,11,0
681!1,1,7,0
682!1,1,8,0
685!1,1,10,0
686!1,1,5,0
687!1,1,12,0
692!1,1,10,0
693!1,1,9,0
697!1,1,5,0
703!1,1,10,0
704!1,1,6,0
706!1,1,10,0
708!1,1,11,0
711!1,1,5,0
714!1,1,10,0
715!1,1,6,0
716!1,1,11,0
720!1,1,6,0
723!1,1,12,0
724!1,1,8,0
725!1,1,11,0
727!1,1,14,0
728!1,1,11,0
733!1,1,5,0
734!1,1,12,0
738!1,1,9,0
739!1,1,8,0
742!1,1,13,0
743!1,1,5,0
744!1,1,10,0
745!1,1,14,0
748!1,1,10,0
749!1,1,2,0
750!1,1,13,0
751!1,1,9,0
755!1,1,1,0
759!1,1,14,0
760!1,1,10,0
761!1,1,14,0
762!1,1,6,0
763!1,1,9,0
764!1,1,10,0
766!1,1,4,0
768!1,1,10,0
770!1,1,9,0
772!1,1,11,0
775!1,1,13,0
777!1,1,13,0
779!1,1,8,0
782!1,1,9,0
783!1,1,8,0
787!1,1,7,0
788!1,1,8,0
792!1,1,7,0
796!1,1,10,0
797!1,1,8,0
798!1,1,14,0
799!1,1,8,0
800!1,1,12,0
807!1,1,9,0
810!1,1,11,0
813!1,1,8,0
814!1,1,11,0
816!1,1,9,0
818!1,1,7,0
819!1,1,11,0
821!1,1,8,0
823!1,1,7,0
825!1,1,8,0
828!1,1,11,0
830!1,1,10,0
831!1,1,7,0
832!1,1,10,0
833!1,1,13,0
840!1,1,6,0
842!1,1,11,0
843!1,1,6,0
846!1,1,13,0
849!1,1,10,0
850!1,1,12,0
853!1,1,8,0
855!1,1,13,0
859!1,1,8,0
860!1,1,10,0
861!1,1,5,0
864!1,1,11,0
866!1,1,5,0
869!1,1,13,0
877!1,1,8,0
879!1,1,10,0
880!1,1,14,0
881!1,1,8,0
882!1,1,11,0
884!1,1,9,0
886!1,1,5,0
888!1,1,11,0
892!1,1,8,0
894!1,1,11,0
895!1,1,6,0
898!1,1,11,0
901!1,1,5,0
902!1,1,11,0
906!1,1,5,0
912!1,1,13,0
916!1,1,5,0
924!1,1,12,0
928!1,1,10,0
930!1,1,11,0
931!1,1,7,0
932!1,1,5,0
933!1,1,13,0
935!1,1,6,0
936!1,1,9,0
937!1,1,6,0
941!1,1,8,0
945!1,1,10,0
946!1,1,5,0
948!1,1,11,0
952!1,1,8,0
956!1,1,11,0
957!1,1,5,0
959!1,1,12,0
968!1,1,11,0
969!1,1,1,0
1004!1,1,11,0
1012!1,1,12,0
1020!1,1,14,0
1021!1,1,3,0
1030!1,1,6,0
1032!1,1,9,0
1033!1,1,10,0
1034!1,1,13,0
1041!1,1,9,0
1042!1,1,12,0
1048!1,1,6,0
1049!1,1,11,0
1052!1,1,4,0
1053!1,1,5,0
1054!1,1,11,0
1056!1,1,1,0
1057!1,1,12,0
1058!1,1,5,0
1059!1,1,14,0
1061!1,1,11,0
1063!1,1,9,0
1064!1,1,12,0
1065!1,1,14,0
1072!1,1,5,0
1073!1,1,11,0
1079!1,1,8,0
1081!1,1,12,0
1084!1,1,6,0
1086!1,1,11,0
1088!1,1,1,0
1089!1,1,13,0
1090!1,1,7,0
1091!1,1,5,0
1092!1,1,1,0
1093!1,1,11,0
1096!1,1,5,0
1097!1,1,11,0
1099!1,1,9,0
1100!1,1,5,0
1102!1,1,14,0
1104!1,1,11,0
1105!1,1,5,0
1107!1,1,12,0
1108!1,1,9,0
1114!1,1,11,0
1116!1,1,2,0
1117!1,1,11,0
1119!1,1,8,0
1120!1,1,1,0
1123!1,1,14,0
1128!1,1,11,0
1132!1,1,9,0
1137!1,1,11,0
1139!1,1,5,0
1141!1,1,7,0
1143!1,1,13,0
1145!1,1,9,0
1150!1,1,10,0
1151!1,1,9,0
1152!1,1,6,0
1157!1,1,1,0
1158!1,1,5,0
1159!1,1,13,0
1160!1,1,8,0
1162!1,1,11,0
1163!1,1,5,0
1166!1,1,10,0
1168!1,1,10,0
1169!1,1,9,0
1171!1,1,7,0
1172!1,1,10,0
1173!1,1,7,0
1174!1,1,10,0
1176!1,1,11,0
1180!1,1,7,0
1183!1,1,11,0
1185!1,1,10,0
1186!1,1,7,0
1187!1,1,8,0
1188!1,1,11,0
1189!1,1,9,0
1194!1,1,12,0
1195!1,1,5,0
1196!1,1,11,0
1201!1,1,6,0
1202!1,1,9,0
1203!1,1,12,0
1215!1,1,7,0
1216!1,1,5,0
1217!1,1,12,0
1218!1,1,10,0
1219!1,1,7,0
1220!1,1,12,0
1232!1,1,5,0
1235!1,1,11,0
1237!1,1,12,0
1241!1,1,5,0
1243!1,1,13,0
1248!1,1,1,0
1250!1,1,13,0
1259!1,1,11,0
1260!1,1,7,0
1261!1,1,3,0
1262!1,1,10,0
1264!1,1,5,0
1266!1,1,10,0
1267!1,1,9,0
1268!1,1,5,0
1269!1,1,11,0
1272!1,1,5,0
1275!1,1,11,0
1276!1,1,5,0
1279!1,1,11,0
1285!1,1,1,0
1286!1,1,8,0
1287!1,1,13,0
1292!1,1,5,0
1304!1,1,3,0
1305!1,1,5,0
1306!1,1,12,0
1308!1,1,8,0
1312!1,1,9,0
1315!1,1,8,0
1316!1,1,11,0
1317!1,1,5,0
1319!1,1,11,0
1320!1,1,7,0
1322!1,1,5,0
1323!1,1,12,0
1326!1,1,6,0
1328!1,1,13,0
1329!1,1,5,0
1330!1,1,13,0
1332!1,1,13,0
1333!1,1,8,0
1335!1,1,10,0
1336!1,1,14,0
1337!1,1,11,0
1338!1,1,14,0
1339!1,1,7,0
1340!1,1,5,0
1342!1,1,9,0
1344!1,1,10,0
1345!1,1,14,0
1346!1,1,8,0
1348!1,1,11,0
1349!1,1,5,0
1352!1,1,7,0
1358!1,1,10,0
1359!1,1,7,0
1360!1,1,11,0
1361!1,1,7,0
1362!1,1,8,0
1363!1,1,7,0
1364!1,1,10,0
1366!1,1,9,0
1370!1,1,10,0
1372!1,1,5,0
1374!1,1,7,0
1379!1,1,12,0
1380!1,1,7,0
1381!1,1,10,0
1384!1,1,11,0
1387!1,1,5,0
1389!1,1,11,0
1390!1,1,6,0
1392!1,1,11,0
1396!1,1,5,0
1397!1,1,10,0
1398!1,1,5,0
1399!1,1,7,0
1400!1,1,6,0
1404!1,1,11,0
1406!1,1,6,0
1407!1,1,12,0
1408!1,1,9,0
1410!1,1,7,0
1412!1,1,14,0
1414!1,1,10,0
1415!1,1,6,0
1418!1,1,11,0
1419!1,1,5,0
1420!1,1,13,0
1424!1,1,7,0
1425!1,1,12,0
1426!1,1,10,0
1428!1,1,14,0
1431!1,1,12,0
1435!1,1,9,0
1439!1,1,10,0
1442!1,1,3,0
1443!1,1,14,0
1444!1,1,10,0
1445!1,1,5,0
1446!1,1,14,0
1448!1,1,11,0
1449!1,1,5,0
1450!1,1,11,0
1455!1,1,8,0
1457!1,1,9,0
1458!1,1,7,0
1459!1,1,5,0
1460!1,1,7,0
1461!1,1,11,0
1464!1,1,7,0
1467!1,1,8,0
1470!1,1,7,0
1471!1,1,10,0
1473!1,1,9,0
1475!1,1,5,0
1476!1,1,11,0
1481!1,1,10,0
1482!1,1,9,0
1485!1,1,5,0
1492!1,1,10,0
1495!1,1,12,0
1496!1,1,10,0
1497!1,1,7,0
1498!1,1,11,0
1500!1,1,5,0
1502!1,1,7,0
1504!1,1,10,0
1505!1,1,7,0
1506!1,1,8,0
1507!1,1,11,0
1513!1,1,5,0
1515!1,1,7,0
1516!1,1,9,0
1517!1,1,6,0
1518!1,1,13,0
1524!1,1,10,0
1525!1,1,12,0
1528!1,1,6,0
1530!1,1,11,0
1532!1,1,10,0
1535!1,1,11,0
1540!1,1,8,0
1541!1,1,7,0
1542!1,1,8,0
1544!1,1,11,0
1545!1,1,10,0
1547!1,1,9,0
1548!1,1,8,0
1553!1,1,10,0
1555!1,1,9,0
1557!1,1,11,0
1559!1,1,10,0
1561!1,1,5,0
1562!1,1,12,0
1568!1,1,6,0
1574!1,1,11,0
1581!1,1,5,0
1584!1,1,11,0
1585!1,1,5,0
1587!1,1,7,0
1588!1,1,5,0
1589!1,1,13,0
1593!1,1,5,0
1594!1,1,11,0
1596!1,1,5,0
1597!1,1,13,0
1600!1,1,5,0
1602!1,1,12,0
1611!1,1,6,0
1613!1,1,12,0
1615!1,1,5,0
1622!1,1,10,0
1624!1,1,10,0
1625!1,1,9,0
1626!1,1,13,0
1627!1,1,8,0
1633!1,1,11,0
1634!1,1,6,0
1640!1,1,10,0
1641!1,1,5,0
1645!1,1,11,0
1648!1,1,5,0
1653!1,1,7,0
1654!1,1,8,0
1656!1,1,10,0
1657!1,1,11,0
1659!1,1,5,0
1663!1,1,11,0
1664!1,1,5,0
1665!1,1,10,0
1666!1,1,5,0
1673!1,1,13,0
1674!1,1,5,0
1679!1,1,11,0
1681!1,1,8,0
1683!1,1,10,0
1684!1,1,5,0
1691!1,1,11,0
1693!1,1,5,0
1696!1,1,10,0
1697!1,1,11,0
1698!1,1,10,0
1699!1,1,8,0
1711!1,1,10,0
1712!1,1,8,0
1716!1,1,11,0
1717!1,1,5,0
1719!1,1,10,0
1720!1,1,5,0
1723!1,1,11,0
1724!1,1,6,0
1727!1,1,12,0
1730!1,1,8,0
1732!1,1,11,0
1733!1,1,6,0
1734!1,1,11,0
1735!1,1,5,0
1742!1,1,13,0
1743!1,1,5,0
1746!1,1,11,0
1750!1,1,13,0
1752!1,1,8,0
1754!1,1,7,0
1755!1,1,5,0
1758!1,1,10,0
1759!1,1,11,0
1760!1,1,8,0
1764!1,1,13,0
1781!1,1,11,0
1783!1,1,5,0
1787!1,1,5,0
1788!1,1,12,0
1789!1,1,6,0
1790!1,1,3,0
1791!1,1,11,0
1811!1,1,6,0
1812!1,1,11,0
1815!1,1,6,0
1816!1,1,11,0
1824!1,1,1,0
1825!1,1,11,0
1839!1,1,14,0
1841!1,1,12,0
1843!1,1,14,0
1845!1,1,10,0
1851!1,1,5,0
1852!1,1,7,0
1855!1,1,5,0
1856!1,1,7,0
1857!1,1,13,0
1859!1,1,10,0
1860!1,1,5,0
1861!1,1,10,0
1863!1,1,5,0
1864!1,1,11,0
1868!1,1,5,0
1870!1,1,7,0
1871!1,1,11,0
1876!1,1,5,0
1879!1,1,10,0
1880!1,1,7,0
1881!1,1,11,0
1908!1,1,9,0
1910!1,1,7,0
1911!1,1,11,0
1912!1,1,5,0
1915!1,1,11,0
1916!1,1,9,0
1917!1,1,5,0
1918!1,1,10,0
1919!1,1,5,0
1926!1,1,14,0
1928!1,1,7,0
1929!1,1,14,0
1930!1,1,8,0
1932!1,1,10,0
1935!1,1,5,0
1936!1,1,11,0
1943!1,1,11,0
1944!1,1,6,0
1945!1,1,11,0
1947!1,1,3,0
1948!1,1,12,0
1949!1,1,3,0
1950!1,1,11,0
1962!1,1,5,0
1963!1,1,7,0
1964!1,1,11,0
1966!1,1,9,0
1968!1,1,8,0
1971!1,1,1,0
1972!1,1,5,0
1978!1,1,1,0
1979!1,1,6,0
1981!1,1,11,0
1982!1,1,5,0
1984!1,1,9,0
1986!1,1,6,0
1987!1,1,3,0
1988!1,1,6,0
1991!1,1,11,0
1993!1,1,14,0
1994!1,1,10,0
1995!1,1,7,0
1996!1,1,6,0
1997!1,1,11,0
1998!1,1,2,0
1999!1,1,12,0
2010!1,1,8,0
2011!1,1,11,0
2016!1,1,8,0
2018!1,1,13,0
2019!1,1,6,0
2023!1,1,11,0
2044!1,1,1,0
2059!1,1,9,0
2061!1,1,10,0
2064!1,1,5,0
2065!1,1,10,0
2066!1,1,6,0
2068!1,1,8,0
2069!1,1,7,0
2072!1,1,6,0
2076!1,1,7,0
2078!1,1,8,0
2079!1,1,11,0
2080!1,1,5,0
2082!1,1,11,0
2084!1,1,14,0
2085!1,1,11,0
2095!1,1,10,0
2096!1,1,5,0
2097!1,1,10,0
2099!1,1,7,0
2100!1,1,11,0
2102!1,1,12,0
2104!1,1,10,0
2108!1,1,10,0
2109!1,1,6,0
2112!1,1,7,0
2113!1,1,12,0
2119!1,1,9,0
2121!1,1,11,0
2124!1,1,5,0
2125!1,1,13,0
2132!1,1,6,0
2135!1,1,11,0
2138!1,1,7,0
2139!1,1,8,0
2140!1,1,11,0
2143!1,1,7,0
2146!1,1,8,0
2147!1,1,11,0
2150!1,1,8,0
2152!1,1,13,0
2153!1,1,6,0
2154!1,1,13,0
2157!1,1,9,0
2161!1,1,12,0
2162!1,1,5,0
2163!1,1,7,0
2164!1,1,6,0
2168!1,1,12,0
2172!1,1,10,0
2174!1,1,9,0
2179!1,1,5,0
2181!1,1,14,0
2182!1,1,10,0
2186!1,1,10,0
2189!1,1,7,0
2190!1,1,9,0
2191!1,1,10,0
2194!1,1,12,0
2196!1,1,6,0
2197!1,1,13,0
2201!1,1,6,0
2202!1,1,13,0
2204!1,1,10,0
2205!1,1,5,0
2209!1,1,7,0
2211!1,1,5,0
2217!1,1,10,0
2220!1,1,9,0
2221!1,1,5,0
2224!1,1,12,0
2225!1,1,7,0
2227!1,1,10,0
2230!1,1,14,0
2232!1,1,11,0
2233!1,1,8,0
2234!1,1,11,0
2235!1,1,6,0
2236!1,1,10,0
2237!1,1,11,0
2238!1,1,14,0
2240!1,1,10,0
2241!1,1,12,0
2244!1,1,6,0
2245!1,1,12,0
2246!1,1,5,0
2248!1,1,7,0
2249!1,1,5,0
2251!1,1,13,0
2253!1,1,5,0
2255!1,1,13,0
2257!1,1,5,0
2261!1,1,13,0
2266!1,1,8,0
2268!1,1,11,0
2271!1,1,10,0
2272!1,1,5,0
2274!1,1,11,0
2275!1,1,8,0
2276!1,1,13,0
2280!1,1,8,0
2281!1,1,7,0
2285!1,1,8,0
2288!1,1,11,0
2297!1,1,7,0
2298!1,1,8,0
2299!1,1,7,0
2300!1,1,5,0
2303!1,1,7,0
2305!1,1,8,0
2307!1,1,13,0
2310!1,1,1,0
2325!1,1,11,0
2330!1,1,11,0
2335!1,1,13,0
2336!1,1,6,0
2340!1,1,7,0
2343!1,1,5,0
2345!1,1,12,0
2348!1,1,10,0
2349!1,1,8,0
2352!1,1,7,0
2353!1,1,9,0
2354!1,1,7,0
2355!1,1,5,0
2358!1,1,7,0
2359!1,1,5,0
2366!1,1,8,0
2367!1,1,11,0
2369!1,1,5,0
2370!1,1,11,0
2372!1,1,10,0
2374!1,1,7,0
2375!1,1,5,0
2377!1,1,11,0
2379!1,1,6,0
2380!1,1,10,0
2381!1,1,8,0
2382!1,1,7,0
2383!1,1,10,0
2384!1,1,5,0
2385!1,1,13,0
2390!1,1,10,0
2391!1,1,9,0
2394!1,1,11,0
2395!1,1,5,0
2401!1,1,12,0
2404!1,1,10,0
2406!1,1,13,0
2407!1,1,6,0
2412!1,1,13,0
2413!1,1,6,0
2415!1,1,13,0
2417!1,1,5,0
2419!1,1,10,0
2420!1,1,5,0
2423!1,1,11,0
2424!1,1,6,0
2425!1,1,9,0
2426!1,1,5,0
2427!1,1,12,0
2436!1,1,2,0
2437!1,1,5,0
2439!1,1,10,0
2440!1,1,9,0
2442!1,1,12,0
2443!1,1,9,0
2445!1,1,5,0
2446!1,1,10,0
2448!1,1,9,0
2450!1,1,9,0
2453!1,1,3,0
2457!1,1,5,0
2458!1,1,10,0
2459!1,1,6,0
2461!1,1,9,0
2462!1,1,10,0
2464!1,1,9,0
2466!1,1,10,0
2467!1,1,9,0
2470!1,1,11,0
2475!1,1,13,0
2477!1,1,5,0
2478!1,1,11,0
2479!1,1,10,0
2481!1,1,5,0
2485!1,1,13,0
2486!1,1,5,0
2490!1,1,7,0
2492!1,1,5,0
2493!1,1,10,0
2495!1,1,7,0
2496!1,1,10,0
2497!1,1,5,0
2498!1,1,11,0
2504!1,1,10,0
2505!1,1,9,0
2508!1,1,11,0
2511!1,1,8,0
2512!1,1,11,0
2514!1,1,10,0
2515!1,1,9,0
2516!1,1,7,0
2517!1,1,11,0
2520!1,1,6,0
2521!1,1,7,0
2523!1,1,6,0
2525!1,1,7,0
2526!1,1,12,0
2528!1,1,10,0
2531!1,1,12,0
2539!1,1,5,0
2540!1,1,10,0
2541!1,1,5,0
2542!1,1,10,0
2543!1,1,11,0
2546!1,1,10,0
2548!1,1,11,0
2550!1,1,6,0
2554!1,1,13,0
2557!1,1,5,0
2558!1,1,10,0
2559!1,1,5,0
2561!1,1,10,0
2562!1,1,13,0
2563!1,1,5,0
2568!1,1,13,0
2575!1,1,6,0
2577!1,1,9,0
2579!1,1,5,0
2580!1,1,11,0
2581!1,1,10,0
2582!1,1,9,0
2584!1,1,8,0
2586!1,1,12,0
2587!1,1,5,0
2588!1,1,12,0
2589!1,1,2,0
2590!1,1,5,0
2596!1,1,11,0
2599!1,1,5,0
2601!1,1,11,0
2603!1,1,5,0
2610!1,1,12,0
2614!1,1,6,0
2622!1,1,13,0
2623!1,1,7,0
2625!1,1,6,0
2626!1,1,10,0
2628!1,1,11,0
2629!1,1,7,0
2630!1,1,13,0
2633!1,1,5,0
2634!1,1,9,0
2635!1,1,5,0
2646!1,1,13,0
2650!1,1,8,0
2657!1,1,11,0
2659!1,1,2,0
2702!1,1,13,0
2703!1,1,3,0
2735!1,1,10,0
2739!1,1,1,0
